92934,
162814,
95064,
92633,
93754,
95848,
134893,
93504,
94659,
92704,
162814,
95064,
95552,
95064,
134895,
95207,
134879,
95564,
92721,
162814,
93743,
182782,
95113,
182782,
95207,
95207,
95207,
92633,
94040,
92633,
92704,
94659,
95064,
95848,
92661,
92633,
93743,
95602,
134897,
95208,
95113,
93061,
93061,
184656,
184656,
93061,
92633,
93061,
92633,
162814,
92661,
94659,
204770,
93911,
182782,
94040,
92664,
94659,
92704,
92655,
92633,
92630,
142636,
94112,
182782,
134897,
134496,
92831,
95617,
94659,
92630,
95617,
92704,
92704,
134879,
94659,
95344,